1    3    5

LC01    -1974638.7340    4590014.8190    3953144.9235

LC02    LC01    -1218.561    -1039.227    1737.720    
0.2320999    -0.5094008    -0.4371401    -0.5097008    1.339931    1.109356    -0.4371401    1.109356    1.009562

LC03    LC02    1405.531    -178.157    1171.380 
1.205319    -2.636708    -2.174106    -2.636702    6.858585    5.480745    -2.174106    5.480745    4.820125

LC04    LC03    83.497    714.153    -1029.199
9.662657    -21.75476    -19.71468    -21.75476    51.94777    46.33565    -19.71468    46.33565    43.24110

LC04    LC01    270.457    -503.208    1879.923
1.044894    -2.396533    -2.319683    -2.396533    6.341291    5.902876    -2.319683    5.902876    6.035577

LC04    LC02    1489.013    536.030    142.218
0.5850064    -1.329620    -1.252374    -1.329620    3.362548    3.069820    -1.252374    3.069820    3.019233

